,0.00651,15.691,2.008,3.281E-05,1.736E-11,2.028E-04,2.566E-03,2.060E-03,2.350E-03,2.422E-03,1.027E-03,3.194E-04,8.265E-05
,0.00692,15.689,2.007,6.636E-06,1.735E-11,4.102E-05,5.178E-04,4.157E-04,4.741E-04,4.888E-04,2.076E-04,6.459E-05,1.673E-05
,0.00736,15.687,2.007,7.978E-06,1.733E-11,4.932E-05,6.208E-04,4.984E-04,5.683E-04,5.861E-04,2.492E-04,7.764E-05,2.014E-05
,0.00783,15.684,2.007,9.591E-06,1.731E-11,5.931E-05,7.441E-04,5.972E-04,6.810E-04,7.023E-04,2.992E-04,9.333E-05,2.423E-05
,0.00833,15.681,2.007,1.153E-05,1.729E-11,7.132E-05,8.916E-04,7.152E-04,8.157E-04,8.415E-04,3.592E-04,1.122E-04,2.917E-05
,0.00885,15.678,2.007,1.386E-05,1.726E-11,8.577E-05,1.068E-03,8.562E-04,9.766E-04,1.008E-03,4.311E-04,1.349E-04,3.512E-05
,0.00942,15.674,2.006,1.667E-05,1.724E-11,1.031E-04,1.278E-03,1.025E-03,1.168E-03,1.206E-03,5.173E-04,1.621E-04,4.229E-05
,0.01001,15.670,2.006,2.004E-05,1.721E-11,1.240E-04,1.529E-03,1.225E-03,1.397E-03,1.443E-03,6.204E-04,1.948E-04,5.093E-05
,0.01065,15.666,2.006,2.409E-05,1.717E-11,1.492E-04,1.828E-03,1.464E-03,1.670E-03,1.724E-03,7.440E-04,2.342E-04,6.135E-05
,0.01133,15.660,2.006,2.897E-05,1.714E-11,1.794E-04,2.184E-03,1.748E-03,1.993E-03,2.059E-03,8.919E-04,2.814E-04,7.393E-05
,0.01205,15.655,2.005,3.482E-05,1.709E-11,2.158E-04,2.606E-03,2.085E-03,2.377E-03,2.457E-03,1.069E-03,3.382E-04,8.910E-05
,0.01281,15.648,2.005,4.187E-05,1.704E-11,2.595E-04,3.108E-03,2.484E-03,2.833E-03,2.930E-03,1.280E-03,4.064E-04,1.074E-04
,0.01363,15.640,2.004,5.034E-05,1.698E-11,3.122E-04,3.702E-03,2.957E-03,3.372E-03,3.489E-03,1.532E-03,4.883E-04,1.295E-04
,0.01450,15.632,2.004,6.052E-05,1.692E-11,3.755E-04,4.404E-03,3.515E-03,4.008E-03,4.150E-03,1.833E-03,5.867E-04,1.563E-04
,0.01542,15.622,2.003,7.276E-05,1.685E-11,4.517E-04,5.232E-03,4.172E-03,4.757E-03,4.928E-03,2.192E-03,7.048E-04,1.887E-04
,0.01641,15.611,2.002,8.747E-05,1.676E-11,5.434E-04,6.205E-03,4.943E-03,5.637E-03,5.843E-03,2.619E-03,8.466E-04,2.278E-04
,0.01745,15.599,2.001,1.052E-04,1.667E-11,6.538E-04,7.346E-03,5.845E-03,6.667E-03,6.916E-03,3.126E-03,1.017E-03,2.752E-04
,0.01857,15.585,2.000,1.264E-04,1.657E-11,7.866E-04,8.680E-03,6.900E-03,7.868E-03,8.167E-03,3.728E-03,1.221E-03,3.327E-04
,0.01976,15.569,1.999,1.520E-04,1.645E-11,9.464E-04,1.023E-02,8.121E-03,9.262E-03,9.623E-03,4.441E-03,1.466E-03,4.025E-04
,0.02103,15.551,1.998,1.828E-04,1.631E-11,1.139E-03,1.202E-02,9.537E-03,1.087E-02,1.131E-02,5.282E-03,1.760E-03,4.872E-04
,0.02238,15.531,1.997,2.197E-04,1.615E-11,1.370E-03,1.409E-02,1.116E-02,1.273E-02,1.325E-02,6.275E-03,2.111E-03,5.901E-04
,0.02382,15.508,1.995,2.642E-04,1.598E-11,1.649E-03,1.645E-02,1.302E-02,1.484E-02,1.546E-02,7.441E-03,2.533E-03,7.154E-04
,0.02536,15.483,1.994,3.176E-04,1.578E-11,1.984E-03,1.913E-02,1.512E-02,1.724E-02,1.798E-02,8.807E-03,3.037E-03,8.681E-04
,0.02700,15.454,1.992,3.818E-04,1.556E-11,2.387E-03,2.214E-02,1.749E-02,1.994E-02,2.081E-02,1.040E-02,3.639E-03,1.054E-03
,0.02875,15.421,1.990,4.591E-04,1.530E-11,2.871E-03,2.550E-02,2.012E-02,2.294E-02,2.397E-02,1.225E-02,4.358E-03,1.282E-03
,0.03062,15.384,1.987,5.519E-04,1.501E-11,3.454E-03,2.918E-02,2.302E-02,2.624E-02,2.744E-02,1.438E-02,5.216E-03,1.560E-03
,0.03262,15.342,1.984,6.636E-04,1.469E-11,4.153E-03,3.316E-02,2.616E-02,2.982E-02,3.120E-02,1.683E-02,6.236E-03,1.900E-03
,0.03476,15.296,1.981,7.978E-04,1.433E-11,4.993E-03,3.738E-02,2.950E-02,3.365E-02,3.521E-02,1.962E-02,7.448E-03,2.317E-03
,0.03705,15.243,1.978,9.591E-04,1.391E-11,5.999E-03,4.174E-02,3.301E-02,3.764E-02,3.938E-02,2.275E-02,8.884E-03,2.827E-03
,0.03950,15.183,1.974,1.153E-03,1.345E-11,7.203E-03,4.611E-02,3.659E-02,4.172E-02,4.362E-02,2.625E-02,1.058E-02,3.454E-03
,0.04213,15.116,1.969,1.386E-03,1.294E-11,8.640E-03,5.032E-02,4.010E-02,4.574E-02,4.776E-02,3.009E-02,1.257E-02,4.223E-03
,0.04495,15.041,1.964,1.667E-03,1.237E-11,1.035E-02,5.414E-02,4.344E-02,4.954E-02,5.161E-02,3.425E-02,1.491E-02,5.168E-03
,0.04798,14.956,1.958,2.004E-03,1.174E-11,1.238E-02,5.732E-02,4.641E-02,5.293E-02,5.495E-02,3.868E-02,1.763E-02,6.328E-03
,0.05124,14.860,1.952,2.409E-03,1.104E-11,1.479E-02,5.948E-02,4.880E-02,5.565E-02,5.750E-02,4.320E-02,2.077E-02,7.744E-03
,0.05475,14.753,1.944,2.755E-03,1.030E-11,1.675E-02,5.750E-02,4.796E-02,5.467E-02,5.611E-02,4.543E-02,2.317E-02,9.021E-03
,0.05821,14.643,1.937,2.923E-03,9.548E-12,1.756E-02,5.110E-02,4.349E-02,4.959E-02,5.047E-02,4.408E-02,2.394E-02,9.721E-03
,0.06146,14.536,1.929,3.012E-03,8.862E-12,1.787E-02,4.418E-02,3.840E-02,4.380E-02,4.417E-02,4.159E-02,2.399E-02,1.015E-02
,0.06455,14.431,1.922,3.103E-03,8.221E-12,1.814E-02,3.820E-02,3.397E-02,3.874E-02,3.870E-02,3.920E-02,2.401E-02,1.057E-02
,0.06751,14.329,1.915,3.195E-03,7.618E-12,1.840E-02,3.300E-02,3.009E-02,3.431E-02,3.393E-02,3.692E-02,2.400E-02,1.098E-02
,0.07037,14.228,1.908,3.290E-03,7.061E-12,1.864E-02,2.851E-02,2.667E-02,3.041E-02,2.974E-02,3.477E-02,2.396E-02,1.138E-02
,0.07315,14.128,1.901,3.388E-03,6.535E-12,1.886E-02,2.460E-02,2.364E-02,2.695E-02,2.608E-02,3.272E-02,2.390E-02,1.178E-02
,0.07586,14.029,1.894,3.490E-03,6.046E-12,1.907E-02,2.121E-02,2.096E-02,2.390E-02,2.285E-02,3.077E-02,2.383E-02,1.217E-02
,0.07852,13.931,1.887,3.595E-03,5.587E-12,1.926E-02,1.825E-02,1.858E-02,2.118E-02,2.000E-02,2.892E-02,2.373E-02,1.256E-02
,0.08113,13.833,1.880,3.705E-03,5.157E-12,1.944E-02,1.568E-02,1.645E-02,1.876E-02,1.750E-02,2.715E-02,2.362E-02,1.295E-02
,0.08371,13.736,1.873,3.820E-03,4.755E-12,1.961E-02,1.345E-02,1.456E-02,1.660E-02,1.529E-02,2.548E-02,2.349E-02,1.335E-02
,0.08626,13.638,1.866,3.941E-03,4.377E-12,1.977E-02,1.151E-02,1.287E-02,1.467E-02,1.334E-02,2.388E-02,2.335E-02,1.374E-02
,0.08880,13.541,1.859,4.067E-03,4.025E-12,1.992E-02,9.833E-03,1.136E-02,1.296E-02,1.162E-02,2.237E-02,2.319E-02,1.413E-02
,0.09132,13.443,1.852,4.201E-03,3.695E-12,2.006E-02,8.376E-03,1.002E-02,1.143E-02,1.010E-02,2.093E-02,2.302E-02,1.453E-02
,0.09384,13.345,1.845,4.342E-03,3.386E-12,2.019E-02,7.115E-03,8.826E-03,1.007E-02,8.766E-03,1.956E-02,2.284E-02,1.493E-02
,0.09637,13.246,1.837,4.492E-03,3.098E-12,2.032E-02,6.026E-03,7.742E-03,8.834E-03,7.590E-03,1.826E-02,2.264E-02,1.534E-02
,0.09890,13.147,1.830,4.651E-03,2.829E-12,2.044E-02,5.087E-03,6.788E-03,7.746E-03,6.554E-03,1.703E-02,2.243E-02,1.575E-02
,0.10144,13.046,1.822,4.820E-03,2.577E-12,2.055E-02,4.278E-03,5.933E-03,6.773E-03,5.643E-03,1.586E-02,2.221E-02,1.617E-02
,0.10400,12.945,1.814,5.001E-03,2.343E-12,2.065E-02,3.585E-03,5.175E-03,5.908E-03,4.845E-03,1.474E-02,2.198E-02,1.660E-02
,0.10659,12.842,1.807,5.196E-03,2.125E-12,2.075E-02,2.990E-03,4.498E-03,5.137E-03,4.144E-03,1.369E-02,2.174E-02,1.704E-02
,0.10921,12.738,1.798,5.405E-03,1.922E-12,2.084E-02,2.483E-03,3.897E-03,4.452E-03,3.532E-03,1.269E-02,2.148E-02,1.749E-02
,0.11187,12.632,1.790,5.631E-03,1.733E-12,2.093E-02,2.051E-03,3.364E-03,3.844E-03,2.998E-03,1.174E-02,2.122E-02,1.796E-02
,0.11458,12.525,1.782,5.876E-03,1.558E-12,2.101E-02,1.686E-03,2.890E-03,3.306E-03,2.533E-03,1.084E-02,2.094E-02,1.844E-02
,0.11733,12.415,1.773,6.143E-03,1.395E-12,2.109E-02,1.376E-03,2.473E-03,2.831E-03,2.129E-03,9.984E-03,2.065E-02,1.895E-02
,0.12015,12.304,1.764,6.434E-03,1.245E-12,2.116E-02,1.116E-03,2.106E-03,2.411E-03,1.779E-03,9.176E-03,2.035E-02,1.947E-02
,0.12304,12.189,1.754,6.755E-03,1.106E-12,2.123E-02,8.984E-04,1.782E-03,2.043E-03,1.478E-03,8.411E-03,2.003E-02,2.001E-02
,0.12601,12.072,1.745,7.109E-03,9.784E-13,2.129E-02,7.173E-04,1.499E-03,1.720E-03,1.219E-03,7.688E-03,1.970E-02,2.059E-02
,0.12908,11.951,1.734,7.502E-03,8.608E-13,2.135E-02,5.673E-04,1.258E-03,1.438E-03,9.975E-04,7.005E-03,1.936E-02,2.120E-02
,0.13225,11.827,1.724,7.942E-03,7.530E-13,2.141E-02,4.441E-04,1.074E-03,1.193E-03,8.091E-04,6.359E-03,1.900E-02,2.184E-02
,0.13555,11.698,1.713,8.436E-03,6.546E-13,2.146E-02,3.437E-04,1.012E-03,9.805E-04,6.498E-04,5.751E-03,1.863E-02,2.253E-02
,0.13899,11.564,1.701,8.996E-03,5.646E-13,2.151E-02,2.623E-04,1.247E-03,7.963E-04,5.158E-04,5.174E-03,1.823E-02,2.326E-02
,0.14259,11.425,1.688,9.635E-03,4.827E-13,2.155E-02,1.970E-04,2.106E-03,6.361E-04,4.041E-04,4.627E-03,1.781E-02,2.404E-02
,0.14639,11.280,1.675,1.037E-02,4.088E-13,2.157E-02,1.454E-04,3.992E-03,4.959E-04,3.117E-04,4.114E-03,1.736E-02,2.487E-02
,0.15042,11.127,1.660,1.122E-02,3.424E-13,2.159E-02,1.051E-04,7.114E-03,3.727E-04,2.361E-04,3.631E-03,1.688E-02,2.579E-02
,0.15471,10.966,1.645,1.223E-02,2.830E-13,2.159E-02,7.420E-05,1.114E-02,2.659E-04,1.752E-04,3.177E-03,1.636E-02,2.679E-02
,0.15934,10.794,1.628,1.346E-02,2.303E-13,2.160E-02,5.091E-05,1.513E-02,1.771E-04,1.269E-04,2.754E-03,1.582E-02,2.793E-02
,0.16437,10.610,1.609,1.498E-02,1.838E-13,2.163E-02,3.375E-05,1.789E-02,1.083E-04,8.916E-05,2.362E-03,1.526E-02,2.926E-02
,0.16992,10.410,1.588,1.693E-02,1.430E-13,2.169E-02,2.142E-05,1.855E-02,6.019E-05,6.036E-05,1.997E-03,1.467E-02,3.085E-02
,0.17615,10.189,1.564,1.953E-02,1.078E-13,2.178E-02,1.284E-05,1.697E-02,3.060E-05,3.889E-05,1.658E-03,1.404E-02,3.278E-02
,0.18333,9.941,1.536,2.138E-02,7.774E-14,2.025E-02,6.579E-06,1.265E-02,1.366E-05,2.164E-05,1.241E-03,1.233E-02,3.254E-02
,0.19068,9.694,1.507,2.163E-02,5.558E-14,1.726E-02,3.041E-06,7.949E-03,6.068E-06,1.087E-05,8.487E-04,9.904E-03,2.968E-02
,0.19793,9.457,1.477,2.140E-02,3.992E-14,1.436E-02,1.384E-06,4.679E-03,2.905E-06,5.364E-06,5.698E-04,7.763E-03,2.641E-02
,0.20507,9.230,1.447,2.112E-02,2.881E-14,1.191E-02,6.328E-07,2.687E-03,1.465E-06,2.654E-06,3.833E-04,6.062E-03,2.342E-02
,0.21212,9.012,1.417,2.080E-02,2.089E-14,9.849E-03,2.909E-07,1.523E-03,7.571E-07,1.317E-06,2.583E-04,4.719E-03,2.070E-02
,0.21910,8.803,1.387,2.045E-02,1.521E-14,8.126E-03,1.344E-07,8.569E-04,3.958E-07,6.554E-07,1.745E-04,3.663E-03,1.826E-02
,0.22600,8.602,1.357,2.007E-02,1.113E-14,6.690E-03,6.243E-08,4.811E-04,2.082E-07,3.272E-07,1.182E-04,2.837E-03,1.607E-02
,0.23283,8.409,1.327,1.967E-02,8.182E-15,5.498E-03,2.917E-08,2.698E-04,1.099E-07,1.638E-07,8.024E-05,2.192E-03,1.413E-02
,0.23961,8.224,1.297,1.925E-02,6.038E-15,4.511E-03,1.370E-08,1.514E-04,5.826E-08,8.225E-08,5.460E-05,1.691E-03,1.241E-02
,0.24634,8.045,1.266,1.882E-02,4.481E-15,3.697E-03,6.474E-09,8.504E-05,3.093E-08,4.141E-08,3.730E-05,1.301E-03,1.091E-02
,0.25302,7.873,1.235,1.837E-02,3.343E-15,3.025E-03,3.078E-09,4.782E-05,1.647E-08,2.091E-08,2.557E-05,1.000E-03,9.593E-03
,0.25967,7.707,1.205,1.792E-02,2.495E-15,2.473E-03,1.465E-09,2.694E-05,8.785E-09,1.058E-08,1.751E-05,7.678E-04,8.410E-03
,0.26628,7.546,1.174,1.746E-02,1.835E-15,2.020E-03,6.880E-10,1.519E-05,4.695E-09,5.363E-09,1.181E-05,5.885E-04,7.241E-03
,0.27286,7.391,1.143,1.699E-02,1.297E-15,1.648E-03,3.107E-10,8.578E-06,2.513E-09,2.725E-09,7.639E-06,4.506E-04,5.971E-03
,0.27943,7.241,1.112,1.653E-02,8.577E-16,1.343E-03,1.313E-10,4.849E-06,1.347E-09,1.386E-09,4.617E-06,3.446E-04,4.588E-03
,0.28597,7.095,1.080,1.607E-02,5.383E-16,1.095E-03,5.267E-11,2.744E-06,7.230E-10,7.067E-10,2.646E-06,2.633E-04,3.337E-03
,0.29250,6.954,1.049,1.560E-02,3.214E-16,8.914E-04,2.012E-11,1.554E-06,3.888E-10,3.607E-10,1.441E-06,2.010E-04,2.303E-03
,0.29902,6.818,1.018,1.515E-02,1.849E-16,7.254E-04,7.407E-12,8.811E-07,2.091E-10,1.843E-10,7.558E-07,1.533E-04,1.528E-03
,0.30554,6.685,0.986,1.469E-02,1.041E-16,5.900E-04,2.669E-12,4.998E-07,1.126E-10,9.425E-11,3.874E-07,1.168E-04,9.896E-04
,0.31205,6.556,0.954,1.425E-02,5.787E-17,4.795E-04,9.497E-13,2.837E-07,6.067E-11,4.823E-11,1.959E-07,8.892E-05,6.321E-04
,0.31856,6.431,0.923,1.381E-02,3.201E-17,3.895E-04,3.362E-13,1.610E-07,3.268E-11,2.470E-11,9.851E-08,6.764E-05,4.011E-04
,0.32508,6.309,0.891,1.337E-02,1.766E-17,3.162E-04,1.187E-13,9.141E-08,1.761E-11,1.265E-11,4.937E-08,5.142E-05,2.535E-04
,0.33161,6.191,0.859,1.295E-02,9.746E-18,2.565E-04,4.192E-14,5.189E-08,9.495E-12,6.479E-12,2.474E-08,3.905E-05,1.601E-04
,0.33815,6.075,0.827,1.253E-02,5.381E-18,2.080E-04,1.480E-14,2.945E-08,5.114E-12,3.318E-12,1.239E-08,2.964E-05,1.011E-04
,0.34469,5.963,0.795,1.212E-02,2.980E-18,1.685E-04,5.240E-15,1.671E-08,2.753E-12,1.699E-12,6.222E-09,2.248E-05,6.397E-05
,0.35126,5.853,0.763,1.172E-02,1.653E-18,1.365E-04,1.857E-15,9.472E-09,1.483E-12,8.689E-13,3.128E-09,1.703E-05,4.052E-05
,0.35784,5.746,0.731,1.132E-02,9.194E-19,1.104E-04,6.595E-16,5.368E-09,7.972E-13,4.442E-13,1.576E-09,1.290E-05,2.573E-05
,0.36444,5.641,0.699,1.094E-02,5.130E-19,8.929E-05,0.000E+00,3.039E-09,4.286E-13,2.268E-13,7.960E-10,9.758E-06,1.638E-05
,0.37106,5.539,0.667,1.057E-02,2.872E-19,7.216E-05,0.000E+00,1.718E-09,2.300E-13,1.157E-13,4.032E-10,7.378E-06,1.045E-05
,0.37770,5.439,0.635,1.020E-02,1.614E-19,5.828E-05,0.000E+00,9.706E-10,1.233E-13,5.896E-14,2.049E-10,5.573E-06,6.700E-06
,0.38437,5.341,0.603,9.848E-03,9.107E-20,4.704E-05,0.000E+00,5.476E-10,6.604E-14,3.000E-14,1.045E-10,4.207E-06,4.311E-06
,0.39107,5.246,0.571,9.503E-03,5.163E-20,3.794E-05,0.000E+00,3.086E-10,3.529E-14,1.524E-14,5.356E-11,3.174E-06,2.786E-06
,0.39779,5.152,0.538,9.167E-03,2.940E-20,3.058E-05,0.000E+00,1.736E-10,1.885E-14,7.729E-15,2.755E-11,2.392E-06,1.810E-06
,0.40455,5.061,0.506,8.840E-03,1.684E-20,2.463E-05,0.000E+00,9.753E-11,1.004E-14,3.912E-15,1.425E-11,1.802E-06,1.182E-06